25
0 15 15 9 15 15 15 13 2 6 1 15 7 8 3 10 4 15 15 14 15 12 15 5 11
15 0 16 9 17 20 21 13 2 6 1 21 7 8 3 10 4 18 19 14 21 12 21 5 11
15 16 0 9 16 16 16 13 2 6 1 16 7 8 3 10 4 16 16 14 16 12 16 5 11
9 9 9 0 9 9 9 9 2 6 1 9 7 8 3 9 4 9 9 9 9 9 9 5 9
15 17 16 9 0 17 17 13 2 6 1 17 7 8 3 10 4 17 17 14 17 12 17 5 11
15 20 16 9 17 0 20 13 2 6 1 20 7 8 3 10 4 18 19 14 20 12 20 5 11
15 21 16 9 17 20 0 13 2 6 1 22 7 8 3 10 4 18 19 14 22 12 22 5 11
13 13 13 9 13 13 13 0 2 6 1 13 7 8 3 10 4 13 13 13 13 12 13 ...