8
-1 56086 2560 35584 6402 18688 22530 256
56086 -1 2697 35592 6410 18696 22667 257
2560 2697 -1 10824 10280 10248 10377 8193
35584 35592 10824 -1 76040 76040 10248 73984
6402 6410 10280 76040 -1 76040 14346 73984
18688 18696 10248 76040 76040 -1 26...