9
0 1811 1588 2370 1773 895 1507 2383 1762
1811 0 1201 689 568 916 1433 930 641
1588 1201 0 1595 633 693 1305 1499 731
2370 689 1595 0 962 1475 863 1619 1330
1773 568 633 962 0 878 865 866 1209
895 916 693 1475 878 0 612 1488 867
1507 1433 1305 863 865 612 0 876 1479
2383 930 1499 1619 866 1488 876 0 944
1762 641 731 1330 1209 867 1479 944 0
50
3 4 489
8 4 737
5 2 933
8 2 921
9 1 432
3 5 795
6 1 980
4 8 953
8 7 954
3 7 802
8 7 990
9 7 759
3 2 692
6 3 928
8 1 682
5 7 972
7 3 645
...